destroyer,6837,3703,50,75
blaster,6345,419,50,25
destroyer,2585,1103,50,75
destroyer,7829,4156,50,75
blaster,5460,6147,50,25
blaster,7391,5076,50,25
speeder,1113,1582,30,20
blaster,5570,6371,50,25
blaster,3106,9554,50,25
destroyer,6927,9599,50,75
speeder,4180,2318,30,20
boss,179,3818,100,75
blaster,1107,7991,50,25
blaster,4271,4180,50,25
boss,442,2862,100,75
blaster,2710,7937,50,25
speeder,831,4921,30,20
blaster,7554,1495,50,25
blaster,1892,1131,50,25
destroyer,3816,1337,50,75
speeder,2683,9502,30,20
boss,2810,8865,100,75
speeder,1949,67,30,20
speeder,6880,4628,30,20
speeder,3006,2398,30,20
destroyer,7735,3235,50,75
blaster,6807,9267,50,25
blaster,7218,9457,50,25
speeder,6600,2597,30,20
blaster,3814,6118,50,25
destroyer,6305,1541,50,75
destroyer,4909,1548,50,75
blaster,7734,7911,50,25
destroyer,2363,2287,50,75
speeder,5005,5550,30,20
destroyer,7192,5125,50,75
boss,2875,9482,100,75
speeder,1431,4663,30,20
boss,134,2002,100,75
destroyer,1434,9667,50,75
blaster,4820,7534,50,25
speeder,1090,6412,30,20
speeder,3040,4030,30,20
blaster,3843,5540,50,25
boss,3616,4263,100,75
blaster,6108,1471,50,25
destroyer,2085,9517,50,75
destroyer,5436,3627,50,75
speeder,2212,4830,30,20
destroyer,7568,6897,50,75
blaster,2674,3467,50,25
destroyer,7861,7865,50,75
blaster,7915,7632,50,25
blaster,431,157,50,25
destroyer,7651,6743,50,75
boss,223,9891,100,75
blaster,2551,7253,50,25
boss,3811,5889,100,75
blaster,6852,2959,50,25
destroyer,6239,2423,50,75
blaster,1127,6335,50,25
blaster,2221,8039,50,25
blaster,715,9492,50,25
blaster,1498,8496,50,25
speeder,4058,4303,30,20
blaster,4852,1142,50,25
boss,4063,6735,100,75
speeder,46,5199,30,20
blaster,3325,6559,50,25
blaster,7547,1247,50,25
blaster,462,6668,50,25
speeder,4218,4432,30,20
blaster,15,2544,50,25
destroyer,388,4959,50,75
boss,7455,7343,100,75
boss,355,6001,100,75
boss,1817,4347,100,75
blaster,7856,2180,50,25
blaster,7664,8062,50,25
blaster,1262,6174,50,25
speeder,7539,4171,30,20
destroyer,1817,5863,50,75
speeder,984,2553,30,20
boss,4139,33,100,75
speeder,1671,6133,30,20
destroyer,1891,2304,50,75
boss,3832,322,100,75
blaster,3284,954,50,25
blaster,7246,52,50,25
blaster,2307,616,50,25
destroyer,4484,2410,50,75
blaster,1063,2542,50,25
destroyer,2244,1802,50,75
speeder,1162,2400,30,20
blaster,6711,3790,50,25
speeder,1060,1504,30,20
speeder,4233,375,30,20
destroyer,3813,3839,50,75
blaster,3379,5137,50,25
blaster,5960,7318,50,25
boss,5889,2842,100,75
blaster,1174,5570,50,25
blaster,2671,3832,50,25
blaster,6471,7343,50,25
blaster,5555,4885,50,25
boss,491,9060,100,75
blaster,7169,1014,50,25
blaster,3013,3580,50,25
blaster,6802,9433,50,25
blaster,1030,1413,50,25
speeder,6320,9608,30,20
blaster,4964,2069,50,25
blaster,4204,1465,50,25
destroyer,5126,7785,50,75
blaster,4305,1148,50,25
speeder,7341,3357,30,20
destroyer,4715,2891,50,75
speeder,4938,4230,30,20
destroyer,5381,3827,50,75
blaster,4678,5662,50,25
blaster,2903,4584,50,25
speeder,3356,6004,30,20
speeder,133,2285,30,20
blaster,788,4048,50,25
boss,1542,7199,100,75
blaster,5164,5567,50,25
boss,2500,8799,100,75
blaster,6690,1225,50,25
blaster,3745,6945,50,25
boss,2285,4275,100,75
blaster,6924,5308,50,25
blaster,6503,8331,50,25
blaster,2504,4560,50,25
blaster,2439,4571,50,25
blaster,4216,1446,50,25
speeder,1343,3712,30,20
blaster,373,4719,50,25
boss,3174,3428,100,75
blaster,5740,3025,50,25
boss,951,9312,100,75
blaster,72,4446,50,25
speeder,52,3142,30,20
blaster,7651,9864,50,25
blaster,5411,6851,50,25
speeder,7014,4148,30,20
blaster,7423,5475,50,25
boss,2999,306,100,75
blaster,7303,3974,50,25
blaster,5408,6096,50,25
speeder,1048,3248,30,20
destroyer,4683,9374,50,75
blaster,3014,658,50,25
blaster,2176,420,50,25
blaster,2348,4512,50,25
blaster,4542,9841,50,25
speeder,5069,8032,30,20
destroyer,7499,4976,50,75
speeder,4688,2151,30,20
blaster,6325,797,50,25
blaster,6838,1871,50,25
destroyer,5636,4446,50,75
speeder,4013,9260,30,20
blaster,4772,7744,50,25
blaster,7691,445,50,25
destroyer,171,1182,50,75
boss,2744,4394,100,75
speeder,3831,7893,30,20
blaster,3512,521,50,25
blaster,5302,4218,50,25
blaster,4915,5492,50,25
blaster,1761,3357,50,25
blaster,7159,8416,50,25
boss,7156,3349,100,75
speeder,168,8939,30,20
blaster,2542,6559,50,25
destroyer,5327,9008,50,75
destroyer,4375,5366,50,75
destroyer,3197,4031,50,75
speeder,3942,5004,30,20
speeder,6646,7489,30,20
blaster,6466,3931,50,25
blaster,4162,9150,50,25
boss,6479,6614,100,75
blaster,4435,8968,50,25
boss,5401,3135,100,75
blaster,128,41,50,25
blaster,3055,1940,50,25
boss,3615,7652,100,75
blaster,3853,5937,50,25
speeder,4759,9077,30,20
blaster,5661,5399,50,25
destroyer,765,9797,50,75
blaster,2272,1952,50,25
destroyer,5507,3078,50,75
speeder,3096,5707,30,20
blaster,4666,3580,50,25
destroyer,3895,2439,50,75
boss,1751,6781,100,75
destroyer,5635,2405,50,75
blaster,4627,115,50,25
blaster,5458,4683,50,25
blaster,7379,7167,50,25
speeder,1631,1129,30,20
blaster,1452,9312,50,25
blaster,260,5207,50,25
blaster,5638,9341,50,25
destroyer,2598,6874,50,75
destroyer,3095,2848,50,75
blaster,338,6456,50,25
boss,107,3020,100,75
destroyer,1688,1212,50,75
blaster,7156,7926,50,25
blaster,7276,1845,50,25
blaster,4973,6123,50,25
destroyer,350,2030,50,75
boss,5787,7924,100,75
blaster,3378,7080,50,25
blaster,3616,3010,50,25
speeder,5749,1090,30,20
destroyer,2557,4263,50,75
boss,6475,5094,100,75
speeder,1089,4970,30,20
blaster,4289,653,50,25
boss,7701,5933,100,75
blaster,2074,2941,50,25
boss,7535,5650,100,75
speeder,155,3622,30,20
blaster,3014,4324,50,25
boss,5565,5233,100,75
blaster,6469,6455,50,25
destroyer,4792,6386,50,75
speeder,7268,8944,30,20
blaster,3069,3161,50,25
speeder,5559,5388,30,20
speeder,2752,4300,30,20
boss,2792,8138,100,75
boss,1147,1529,100,75
blaster,3587,4508,50,25
blaster,6076,6560,50,25
speeder,7560,658,30,20
destroyer,4701,2837,50,75
speeder,7426,8439,30,20
blaster,4663,6065,50,25
speeder,5146,5243,30,20
blaster,3677,5569,50,25
blaster,1283,734,50,25
destroyer,1076,9190,50,75
speeder,1692,1131,30,20
blaster,2576,1755,50,25
blaster,6182,1676,50,25
blaster,7371,4013,50,25
blaster,1757,4308,50,25
blaster,2264,1893,50,25
boss,3198,481,100,75
destroyer,1707,254,50,75
blaster,445,4460,50,25
speeder,5148,1939,30,20
blaster,6513,9544,50,25
destroyer,2316,6257,50,75
boss,3022,1081,100,75
blaster,7184,6555,50,25
speeder,1730,4780,30,20
blaster,6152,6005,50,25
blaster,7206,5604,50,25
blaster,1506,1649,50,25
blaster,6281,7285,50,25
blaster,692,9896,50,25
blaster,658,8007,50,25
blaster,6246,842,50,25
blaster,2607,2386,50,25
blaster,5335,6086,50,25
blaster,2397,5893,50,25
destroyer,4364,8673,50,75
blaster,4371,601,50,25
blaster,4069,777,50,25
speeder,7394,1980,30,20
blaster,1037,5612,50,25
blaster,5271,1139,50,25
destroyer,4342,1631,50,75
destroyer,3373,1177,50,75
speeder,3146,4461,30,20
blaster,2762,6644,50,25
boss,1401,6517,100,75
blaster,4412,4153,50,25
blaster,7098,129,50,25
blaster,4918,4733,50,25
boss,3219,2149,100,75
blaster,7617,9549,50,25
boss,7288,7946,100,75
destroyer,7240,3361,50,75
blaster,6840,8078,50,25
blaster,5713,2980,50,25
blaster,5854,2895,50,25
boss,5004,1085,100,75
speeder,6450,7751,30,20
speeder,7046,2436,30,20
speeder,3133,280,30,20
blaster,1295,7304,50,25
blaster,293,2250,50,25
speeder,5715,1947,30,20
blaster,5188,3473,50,25
blaster,358,689,50,25
speeder,1679,6405,30,20
blaster,3422,4264,50,25
blaster,7119,7063,50,25
destroyer,7292,6448,50,75
blaster,6100,7494,50,25
blaster,2572,1751,50,25
blaster,5490,3967,50,25
blaster,7074,2824,50,25
blaster,5769,3246,50,25
blaster,4761,7446,50,25
speeder,5943,6898,30,20
boss,2215,4119,100,75
blaster,5269,6715,50,25
destroyer,7657,5496,50,75
speeder,7927,332,30,20
speeder,4227,8643,30,20
boss,1148,9386,100,75
blaster,832,802,50,25
boss,148,5912,100,75
blaster,7347,9510,50,25
blaster,1860,7170,50,25
blaster,1317,6801,50,25
blaster,6857,5648,50,25
speeder,2767,8825,30,20
blaster,1653,3759,50,25
blaster,374,5211,50,25
blaster,5653,515,50,25
blaster,7046,8872,50,25
blaster,4812,4434,50,25
boss,1723,6365,100,75
destroyer,7385,7627,50,75
blaster,3926,5952,50,25
blaster,4105,216,50,25
speeder,3521,8728,30,20
blaster,5294,1877,50,25
destroyer,782,1424,50,75
blaster,7251,4213,50,25
blaster,190,1283,50,25
destroyer,3620,2795,50,75
blaster,629,9094,50,25
boss,7422,2608,100,75
blaster,7692,8475,50,25
speeder,4805,6322,30,20
speeder,6141,8505,30,20
blaster,7432,9021,50,25
blaster,975,8094,50,25
destroyer,3728,2838,50,75
speeder,7295,4062,30,20
blaster,749,7394,50,25
blaster,5276,4543,50,25
speeder,5640,9422,30,20
blaster,827,3292,50,25
blaster,1525,3690,50,25
destroyer,4105,9530,50,75
blaster,2314,4052,50,25
blaster,2126,8851,50,25
speeder,7316,4827,30,20
blaster,1734,9229,50,25
blaster,4582,6274,50,25
blaster,3166,3940,50,25
blaster,2612,5353,50,25
boss,3534,4341,100,75
blaster,5523,5093,50,25
speeder,7148,7952,30,20
blaster,999,3569,50,25
boss,1592,5534,100,75
blaster,2736,7655,50,25
blaster,699,3473,50,25
speeder,5084,6209,30,20
speeder,1374,7167,30,20
blaster,2193,5011,50,25
boss,3467,8398,100,75
speeder,3665,258,30,20
destroyer,7377,3082,50,75
boss,851,1158,100,75
blaster,1122,1405,50,25
boss,6513,2549,100,75
blaster,3063,4370,50,25
speeder,5716,9740,30,20
boss,873,398,100,75
blaster,6507,890,50,25
blaster,3390,63,50,25
speeder,6543,7337,30,20
speeder,5693,1663,30,20
blaster,4025,8979,50,25
blaster,2089,6252,50,25
blaster,1613,6895,50,25
blaster,368,3397,50,25
boss,756,6245,100,75
blaster,1705,7446,50,25
blaster,935,3832,50,25
speeder,6215,8445,30,20
speeder,3203,2442,30,20
speeder,7349,4948,30,20
destroyer,3228,7058,50,75
boss,7272,4846,100,75
speeder,3975,7372,30,20
speeder,1795,9526,30,20
blaster,916,6651,50,25
boss,4148,7019,100,75
boss,3899,6979,100,75
speeder,3843,2560,30,20
speeder,7396,5379,30,20
blaster,221,7025,50,25
blaster,6878,3375,50,25
blaster,2131,1744,50,25
speeder,694,8427,30,20
blaster,2320,3295,50,25
destroyer,1501,1704,50,75
destroyer,7517,1937,50,75
blaster,3431,2908,50,25
blaster,7358,5200,50,25
speeder,532,1990,30,20
blaster,5586,4092,50,25
blaster,791,4396,50,25
destroyer,5708,4779,50,75
blaster,4460,9653,50,25
speeder,5729,1873,30,20
blaster,1823,6688,50,25
speeder,3201,2181,30,20
blaster,5924,3439,50,25
blaster,5530,4733,50,25
blaster,2357,4936,50,25
blaster,6882,6907,50,25
boss,874,3486,100,75
speeder,4589,5061,30,20
speeder,4466,4307,30,20
speeder,4044,3439,30,20
destroyer,7108,6539,50,75
speeder,3678,6531,30,20
blaster,5197,6789,50,25
blaster,7612,6991,50,25
speeder,1706,5876,30,20
blaster,4703,4641,50,25
blaster,4721,2675,50,25
speeder,7413,5812,30,20
blaster,3595,2763,50,25
blaster,2950,8382,50,25
blaster,4820,2583,50,25
speeder,6755,5341,30,20
speeder,7826,3152,30,20
boss,4193,2028,100,75
boss,3306,1458,100,75
blaster,153,7643,50,25
destroyer,2850,445,50,75
speeder,5100,8768,30,20
destroyer,1411,3712,50,75
boss,5498,499,100,75
blaster,5653,9908,50,25
blaster,5773,9527,50,25
destroyer,7518,8226,50,75
boss,1375,7602,100,75
destroyer,3535,8081,50,75
blaster,3109,7299,50,25
destroyer,2692,7912,50,75
boss,7827,2355,100,75
blaster,1234,2504,50,25
speeder,6204,9379,30,20
speeder,266,3717,30,20
blaster,3430,9817,50,25
blaster,3380,5711,50,25
speeder,2706,9016,30,20
speeder,6771,7055,30,20
blaster,6888,4137,50,25
blaster,4555,111,50,25
blaster,3184,6290,50,25
boss,1243,3608,100,75
blaster,5477,3395,50,25
destroyer,1461,4141,50,75
speeder,343,5299,30,20
boss,6024,7760,100,75
boss,5180,3468,100,75
blaster,3184,7203,50,25
blaster,6205,4288,50,25
blaster,547,5498,50,25
blaster,1275,3678,50,25
speeder,6584,212,30,20
blaster,7856,7977,50,25
blaster,5520,8518,50,25
speeder,821,3374,30,20
blaster,7364,3172,50,25
boss,601,2022,100,75
speeder,5339,4507,30,20
blaster,92,549,50,25
speeder,2625,5591,30,20
boss,6191,8238,100,75
boss,59,5389,100,75
speeder,2997,7430,30,20
blaster,6077,8570,50,25
speeder,5957,5605,30,20
blaster,438,525,50,25
destroyer,3482,7081,50,75
destroyer,1682,4524,50,75
blaster,5401,7528,50,25
destroyer,2889,4450,50,75
boss,2689,513,100,75
boss,4196,3418,100,75
speeder,5717,274,30,20
boss,2968,9763,100,75
destroyer,4717,6231,50,75
blaster,866,9647,50,25
blaster,7078,6115,50,25
blaster,3141,7484,50,25
blaster,3391,8683,50,25
blaster,6246,512,50,25
blaster,1753,9560,50,25
blaster,600,6370,50,25
blaster,293,9287,50,25
blaster,7350,2818,50,25
boss,2187,4002,100,75
blaster,654,3729,50,25
blaster,6862,4268,50,25
blaster,1939,5177,50,25
speeder,6766,2286,30,20
speeder,2139,6345,30,20
blaster,277,3167,50,25
destroyer,6422,7806,50,75
blaster,4428,1113,50,25
destroyer,1442,4746,50,75
destroyer,7010,7724,50,75
speeder,458,9128,30,20
speeder,6679,6821,30,20
blaster,2504,342,50,25
speeder,7255,2944,30,20
speeder,7858,9767,30,20
blaster,6210,8257,50,25
speeder,4454,5851,30,20
blaster,4185,2236,50,25
blaster,4427,9260,50,25
destroyer,4410,1517,50,75
blaster,5853,8279,50,25
boss,1157,8255,100,75
boss,3009,486,100,75
destroyer,174,165,50,75
boss,5272,944,100,75
boss,5673,3740,100,75
blaster,748,295,50,25
boss,3677,8370,100,75
boss,3978,1007,100,75
destroyer,651,3139,50,75
blaster,6515,8694,50,25
speeder,6508,5539,30,20
destroyer,5894,7725,50,75
blaster,6194,3060,50,25
speeder,4729,8824,30,20
boss,3574,8439,100,75
boss,6687,2776,100,75
blaster,3754,1262,50,25
speeder,2697,9110,30,20
destroyer,6723,5564,50,75
blaster,4989,9061,50,25
speeder,3291,3915,30,20
blaster,3239,2505,50,25
speeder,3211,7637,30,20
blaster,6234,3551,50,25
blaster,3640,7809,50,25
speeder,3733,7242,30,20
blaster,290,2005,50,25
blaster,7893,7875,50,25
boss,4233,5133,100,75
blaster,7694,9700,50,25
blaster,6845,3813,50,25
speeder,353,4230,30,20
speeder,2224,4589,30,20
speeder,2105,5099,30,20
destroyer,5744,6373,50,75
boss,6001,8378,100,75
boss,7863,3668,100,75
boss,1223,2605,100,75
speeder,3897,9481,30,20
speeder,1238,8481,30,20
speeder,4709,71,30,20
blaster,5202,7842,50,25
blaster,7061,4556,50,25
blaster,2658,6086,50,25
boss,648,5703,100,75
blaster,2823,5651,50,25
blaster,1242,2139,50,25
blaster,1974,5533,50,25
destroyer,3894,1750,50,75
speeder,3294,567,30,20
speeder,4968,5003,30,20
speeder,302,9338,30,20
blaster,876,4141,50,25
blaster,2839,8715,50,25
speeder,6556,6429,30,20
destroyer,7474,2568,50,75
blaster,3721,3007,50,25
blaster,4746,3702,50,25
destroyer,1742,2684,50,75
boss,5965,4095,100,75
boss,859,192,100,75
blaster,40,4345,50,25
blaster,5378,3328,50,25
destroyer,7238,4212,50,75
blaster,7795,2753,50,25
blaster,3410,9527,50,25
boss,4586,5592,100,75
blaster,5354,5164,50,25
blaster,7186,3319,50,25
blaster,4481,3011,50,25
speeder,7007,6383,30,20
destroyer,5825,4678,50,75
blaster,6119,8907,50,25
boss,6484,9600,100,75
blaster,6813,7295,50,25
speeder,5894,3559,30,20
boss,3591,3640,100,75
destroyer,5859,1890,50,75
destroyer,1056,8185,50,75
blaster,4761,8857,50,25
speeder,4025,2352,30,20
blaster,6757,1142,50,25
blaster,2646,5495,50,25
speeder,3322,1414,30,20
speeder,7164,6349,30,20
blaster,381,4816,50,25
speeder,1412,6430,30,20
blaster,4325,4282,50,25
speeder,7090,9628,30,20
speeder,6330,7826,30,20
blaster,7678,6551,50,25
blaster,4824,3206,50,25
blaster,5883,8537,50,25
speeder,4422,972,30,20
blaster,3338,6336,50,25
destroyer,4846,4205,50,75
blaster,4545,91,50,25
blaster,7933,6974,50,25
blaster,6638,8279,50,25
blaster,5862,9498,50,25
blaster,2777,9475,50,25
speeder,1324,628,30,20
blaster,1100,7025,50,25
blaster,6580,2446,50,25
blaster,4244,7396,50,25
blaster,4341,215,50,25
blaster,4331,3982,50,25
speeder,1955,863,30,20
blaster,2796,7940,50,25
blaster,3046,452,50,25
blaster,1359,6206,50,25
blaster,3093,3593,50,25
speeder,3419,7756,30,20
speeder,983,2097,30,20
boss,740,1309,100,75
destroyer,4479,3440,50,75
speeder,2058,6155,30,20
blaster,1750,1113,50,25
destroyer,5,1887,50,75
blaster,3725,862,50,25
destroyer,7216,4754,50,75
blaster,4553,6485,50,25
blaster,7894,6633,50,25
boss,7775,802,100,75
blaster,1359,707,50,25
blaster,2525,4792,50,25
blaster,5689,1246,50,25
blaster,3233,9643,50,25
blaster,6546,2599,50,25
blaster,4645,8009,50,25
boss,7185,429,100,75
speeder,2888,7982,30,20
speeder,4246,1968,30,20
destroyer,2558,4324,50,75
blaster,4435,594,50,25
blaster,4117,8748,50,25
boss,4297,9340,100,75
speeder,7123,3593,30,20
blaster,3227,2053,50,25
boss,5770,1620,100,75
blaster,4555,5220,50,25
blaster,7199,7011,50,25
blaster,5146,742,50,25
speeder,5788,5274,30,20
destroyer,5933,9214,50,75
destroyer,2072,4059,50,75
speeder,5502,3516,30,20
blaster,1689,2669,50,25
boss,5876,8726,100,75
speeder,3464,3387,30,20
speeder,1346,3665,30,20
speeder,7297,3865,30,20
speeder,1763,8010,30,20
boss,4825,1717,100,75
blaster,50,8134,50,25
boss,2523,5689,100,75
blaster,749,9777,50,25
blaster,5385,6137,50,25
blaster,1448,8420,50,25
speeder,6891,9334,30,20
blaster,1216,1010,50,25
boss,5379,5608,100,75
blaster,6579,3093,50,25
blaster,6277,9895,50,25
speeder,5514,1546,30,20
speeder,5606,4242,30,20
blaster,154,8501,50,25
speeder,4754,2786,30,20
boss,1549,5320,100,75
blaster,1053,5303,50,25
boss,1961,9570,100,75
boss,2156,6482,100,75
blaster,401,3677,50,25
boss,1398,7182,100,75
speeder,5908,8613,30,20
blaster,2582,6735,50,25
speeder,6789,8592,30,20
boss,1702,2266,100,75
speeder,6365,3531,30,20
destroyer,381,8090,50,75
speeder,2630,9341,30,20
speeder,3428,6709,30,20
blaster,2197,2276,50,25
blaster,1317,5609,50,25
blaster,6641,2514,50,25
boss,732,6558,100,75
speeder,1623,7723,30,20
blaster,3783,7060,50,25
blaster,3610,9892,50,25
speeder,4560,7678,30,20
speeder,3830,9910,30,20
speeder,2974,4982,30,20
boss,490,1385,100,75
speeder,969,280,30,20
boss,4632,8920,100,75
destroyer,691,9577,50,75
blaster,7075,6959,50,25
blaster,2146,6132,50,25
blaster,3406,470,50,25
speeder,5069,437,30,20
destroyer,6827,9063,50,75
boss,7877,3425,100,75
speeder,3649,6170,30,20
blaster,5775,8462,50,25
boss,1442,6871,100,75
blaster,6604,8795,50,25
speeder,5350,2243,30,20
speeder,3950,6364,30,20
blaster,6129,3088,50,25
blaster,2433,5789,50,25
speeder,7014,8214,30,20
speeder,2887,6670,30,20
destroyer,3584,8230,50,75
blaster,4972,2268,50,25
speeder,6567,4695,30,20
speeder,2736,2039,30,20
blaster,2884,6398,50,25
blaster,1566,2612,50,25
destroyer,7590,2517,50,75
speeder,3547,4465,30,20
boss,3769,2259,100,75
speeder,5987,1022,30,20
blaster,5212,8345,50,25
blaster,1178,1606,50,25
blaster,2682,6296,50,25
boss,6548,9336,100,75
blaster,3860,1737,50,25
boss,311,4932,100,75
speeder,6903,272,30,20
boss,5140,2209,100,75
blaster,3172,840,50,25
blaster,4757,815,50,25
blaster,2447,271,50,25
boss,4058,9108,100,75
blaster,1827,6914,50,25
boss,4371,9921,100,75
blaster,2291,7810,50,25
destroyer,3113,696,50,75
speeder,934,3226,30,20
blaster,4920,2915,50,25
destroyer,2955,1735,50,75
blaster,4787,7835,50,25
blaster,1742,9649,50,25
blaster,452,8771,50,25
boss,5087,7292,100,75
blaster,2549,1414,50,25
blaster,1656,444,50,25
blaster,3764,985,50,25
destroyer,5464,4320,50,75
speeder,2473,3600,30,20
blaster,118,24,50,25
blaster,5821,8569,50,25
blaster,821,2119,50,25
blaster,3382,2647,50,25
blaster,5818,1865,50,25
boss,5657,7457,100,75
blaster,343,6393,50,25
blaster,4095,9654,50,25
blaster,6542,3715,50,25
destroyer,259,9584,50,75
destroyer,1,2442,50,75
destroyer,924,3202,50,75
blaster,6184,1904,50,25
boss,3808,2425,100,75
speeder,938,1329,30,20
blaster,1868,7257,50,25
blaster,7123,3371,50,25
boss,7165,6051,100,75
blaster,4883,9694,50,25
blaster,1182,6054,50,25
destroyer,7784,8173,50,75
blaster,2758,9222,50,25
blaster,3003,747,50,25
blaster,6331,1015,50,25
blaster,3774,4836,50,25
speeder,4065,3200,30,20
boss,7331,6659,100,75
boss,4871,2583,100,75
destroyer,1464,8758,50,75
destroyer,2967,6086,50,75
boss,1847,1328,100,75
blaster,5450,2154,50,25
speeder,2766,2290,30,20
destroyer,7427,9369,50,75
destroyer,227,1880,50,75
boss,1327,5367,100,75
boss,1346,9205,100,75
blaster,7247,9936,50,25
blaster,7912,8870,50,25
blaster,310,8446,50,25
speeder,7170,9609,30,20
speeder,1807,9659,30,20
boss,2063,767,100,75
boss,5782,3479,100,75
blaster,68,3507,50,25
destroyer,676,7350,50,75
blaster,1993,6474,50,25
destroyer,2108,5978,50,75
speeder,7303,8362,30,20
blaster,6414,7623,50,25
speeder,54,9170,30,20
blaster,6952,9093,50,25
blaster,5666,7581,50,25
blaster,6839,958,50,25
speeder,1061,8302,30,20
speeder,61,3256,30,20
boss,7323,2224,100,75
blaster,3139,4284,50,25
blaster,76,8596,50,25
destroyer,1118,6568,50,75
speeder,5204,7616,30,20
destroyer,5773,7407,50,75
speeder,7273,6891,30,20
blaster,7481,1413,50,25
blaster,3764,3237,50,25
boss,6755,448,100,75
boss,6951,6380,100,75
blaster,168,903,50,25
blaster,4873,9648,50,25
speeder,4323,7252,30,20
blaster,675,5268,50,25
boss,3728,1626,100,75
speeder,6754,6227,30,20
blaster,6977,1308,50,25
blaster,7362,9552,50,25
blaster,7604,510,50,25
speeder,4933,3013,30,20
blaster,2292,5397,50,25
boss,6794,5770,100,75
destroyer,6309,3281,50,75
destroyer,287,669,50,75
blaster,4083,1226,50,25
boss,5959,3721,100,75
destroyer,2190,6876,50,75
speeder,5321,673,30,20
blaster,3288,5854,50,25
blaster,973,1768,50,25
speeder,6792,7106,30,20
speeder,2747,8413,30,20
destroyer,4630,4237,50,75
blaster,6105,2756,50,25
blaster,494,2412,50,25
blaster,4728,5661,50,25
boss,3932,6773,100,75
boss,5287,4499,100,75
destroyer,2101,636,50,75
destroyer,2295,502,50,75
blaster,4193,5569,50,25
speeder,3292,1429,30,20
speeder,3564,5120,30,20
blaster,1582,3147,50,25
blaster,3139,1467,50,25
speeder,2790,7005,30,20
blaster,1929,3626,50,25
destroyer,1493,4427,50,75
blaster,877,1003,50,25
speeder,1198,8202,30,20
destroyer,5956,176,50,75
blaster,2663,1441,50,25
boss,5400,8919,100,75
blaster,2303,7738,50,25
speeder,1783,2345,30,20
boss,4587,7834,100,75
blaster,3414,3647,50,25
speeder,3527,4656,30,20
blaster,6577,7298,50,25
speeder,7850,5015,30,20
boss,3942,8267,100,75
destroyer,7505,7316,50,75
speeder,2683,6653,30,20
blaster,4234,5084,50,25
destroyer,3555,4717,50,75
speeder,5755,6944,30,20
destroyer,1433,9338,50,75
speeder,2962,5719,30,20
speeder,1463,3262,30,20
blaster,7126,547,50,25
destroyer,2620,9375,50,75
speeder,6890,3407,30,20
speeder,5125,1378,30,20
destroyer,709,3846,50,75
destroyer,7768,6411,50,75
blaster,1733,6605,50,25
speeder,131,3403,30,20
blaster,1214,5209,50,25
boss,7613,3978,100,75
blaster,206,8122,50,25
blaster,1491,3632,50,25
boss,4981,1522,100,75
blaster,7477,2566,50,25
destroyer,6385,2803,50,75
blaster,2898,5441,50,25
speeder,287,4337,30,20
blaster,7336,1363,50,25
boss,270,380,100,75
boss,1564,8303,100,75
speeder,6034,6991,30,20
blaster,7756,1769,50,25
destroyer,7450,3152,50,75
blaster,6334,9541,50,25
speeder,3179,7728,30,20
blaster,7573,1662,50,25
blaster,1728,8719,50,25
blaster,2152,6317,50,25
destroyer,1662,3726,50,75
boss,429,1935,100,75
blaster,2188,5947,50,25
blaster,2420,359,50,25
blaster,6980,4505,50,25
blaster,7565,7510,50,25
blaster,6566,2507,50,25
speeder,4880,7600,30,20
speeder,331,3559,30,20
destroyer,7854,4000,50,75
boss,3920,5481,100,75
blaster,5168,2309,50,25
blaster,6455,1188,50,25
blaster,5369,6334,50,25
boss,3188,7895,100,75
blaster,4158,2231,50,25
destroyer,4932,8883,50,75
blaster,7559,6185,50,25
destroyer,6941,4558,50,75
boss,5324,7927,100,75
blaster,5401,4034,50,25
speeder,485,2862,30,20
blaster,6852,9368,50,25
boss,1575,9711,100,75
blaster,5341,7100,50,25
destroyer,7353,6999,50,75
blaster,757,4827,50,25
blaster,3287,1585,50,25
speeder,1369,3957,30,20
speeder,7684,4850,30,20
speeder,2783,5587,30,20
destroyer,6224,5143,50,75
boss,6446,5564,100,75
speeder,3873,5185,30,20
destroyer,7510,2378,50,75
destroyer,3574,159,50,75
speeder,6533,4340,30,20
blaster,2589,8512,50,25
destroyer,2355,3398,50,75
speeder,5681,2743,30,20
blaster,5993,6151,50,25
destroyer,5283,7489,50,75
speeder,3210,4136,30,20
blaster,5066,764,50,25
speeder,4532,4735,30,20
speeder,5191,7294,30,20
blaster,1788,5264,50,25
blaster,6826,3128,50,25
boss,6902,7828,100,75
speeder,5233,1546,30,20
destroyer,5616,3149,50,75
blaster,2088,4786,50,25
blaster,4350,2932,50,25
speeder,5077,5094,30,20
blaster,1281,5665,50,25
blaster,2310,1828,50,25
speeder,7739,6709,30,20
blaster,1084,3480,50,25
speeder,6317,1518,30,20
speeder,4734,1731,30,20
speeder,1661,9518,30,20
destroyer,1718,4592,50,75
destroyer,5061,7456,50,75
boss,2515,5875,100,75
blaster,7035,7712,50,25
blaster,768,9173,50,25
blaster,5290,1173,50,25
speeder,1359,5795,30,20
blaster,5579,3733,50,25
speeder,999,2912,30,20
speeder,2915,9665,30,20
speeder,241,8863,30,20
speeder,3866,8593,30,20
speeder,5004,5814,30,20
blaster,3688,7068,50,25
speeder,7648,6124,30,20
destroyer,6625,1027,50,75
blaster,4374,8158,50,25
blaster,6000,6866,50,25
boss,3672,711,100,75
blaster,6641,3001,50,25
blaster,847,8763,50,25
blaster,1981,9852,50,25
boss,6329,3516,100,75
blaster,509,4887,50,25
blaster,1082,2244,50,25
blaster,6780,2367,50,25
blaster,386,6677,50,25
blaster,6549,4511,50,25
destroyer,6492,7046,50,75
speeder,2530,7106,30,20
blaster,4742,4913,50,25
destroyer,4833,6760,50,75
blaster,1265,3285,50,25
blaster,3854,8650,50,25
blaster,1773,5980,50,25
blaster,2360,6577,50,25
destroyer,7136,7306,50,75
blaster,7669,2234,50,25
destroyer,1284,9179,50,75
speeder,3513,3196,30,20
speeder,4513,2401,30,20
boss,2494,7100,100,75
speeder,6947,5968,30,20
speeder,4511,7967,30,20
blaster,5740,2120,50,25
blaster,1962,8487,50,25
boss,4524,7802,100,75
speeder,6116,5076,30,20
blaster,721,9581,50,25
blaster,150,8547,50,25
blaster,6237,6216,50,25
blaster,5152,2621,50,25
speeder,5681,3306,30,20
speeder,94,8331,30,20
blaster,1389,2580,50,25
speeder,6512,181,30,20
blaster,3011,4331,50,25
blaster,6793,4517,50,25
speeder,1091,9218,30,20
destroyer,6703,6269,50,75
blaster,6909,3662,50,25
speeder,5844,6508,30,20
destroyer,6889,8027,50,75
destroyer,5534,7903,50,75
destroyer,7115,6341,50,75
speeder,3622,1070,30,20
speeder,7291,6244,30,20
speeder,4115,425,30,20
blaster,7060,3930,50,25
destroyer,876,8696,50,75
blaster,5481,853,50,25
boss,5475,4636,100,75
blaster,4337,9676,50,25
boss,1731,6008,100,75
speeder,7599,7979,30,20
speeder,650,4991,30,20
speeder,2469,2844,30,20
boss,760,5802,100,75
blaster,2338,3507,50,25
blaster,3000,7156,50,25
blaster,2013,7317,50,25
blaster,5481,5068,50,25
blaster,2538,1931,50,25
blaster,3388,7314,50,25
blaster,2498,4914,50,25
blaster,7335,5139,50,25
destroyer,5571,3551,50,75
blaster,5073,9036,50,25
speeder,1562,8340,30,20
blaster,6972,3128,50,25
blaster,1713,1217,50,25
speeder,6939,8746,30,20
blaster,5818,2355,50,25
blaster,1027,991,50,25
blaster,6276,3916,50,25
blaster,5204,554,50,25
speeder,5724,4967,30,20
blaster,814,4268,50,25
destroyer,7818,4568,50,75
destroyer,116,605,50,75
speeder,1881,4415,30,20
speeder,3698,2203,30,20
boss,1423,7617,100,75
speeder,4976,1471,30,20
blaster,4100,5805,50,25
destroyer,594,9452,50,75
blaster,4604,9154,50,25
speeder,6137,4634,30,20
speeder,3189,1773,30,20
blaster,4838,7579,50,25
blaster,188,1829,50,25
destroyer,6682,3934,50,75
speeder,4070,4101,30,20
blaster,7502,6282,50,25
blaster,2088,5449,50,25
blaster,3174,3614,50,25
destroyer,1914,7933,50,75
blaster,405,450,50,25
speeder,3496,2184,30,20
destroyer,6125,5950,50,75
blaster,3185,5877,50,25
blaster,883,5263,50,25
boss,7230,6945,100,75
blaster,2213,9864,50,25
boss,5725,3930,100,75
speeder,3807,6403,30,20
blaster,3701,409,50,25
destroyer,4275,8378,50,75
blaster,4584,8046,50,25
blaster,5562,6051,50,25
destroyer,5917,2031,50,75
blaster,3139,9531,50,25
boss,4255,4735,100,75
destroyer,3863,3992,50,75
boss,4967,7704,100,75
blaster,2666,5130,50,25
blaster,5128,2861,50,25
destroyer,4382,8188,50,75
blaster,1953,2264,50,25
blaster,2375,2682,50,25
blaster,6287,9142,50,25
destroyer,494,2481,50,75
blaster,152,137,50,25
boss,1137,661,100,75
blaster,5986,421,50,25
blaster,4133,5795,50,25
speeder,7866,9112,30,20
blaster,7485,211,50,25
blaster,2021,987,50,25
destroyer,5179,2219,50,75
speeder,6040,2921,30,20
boss,1053,8681,100,75
destroyer,1929,7894,50,75
speeder,7485,4182,30,20
blaster,7241,4741,50,25
boss,3787,3780,100,75
blaster,2651,5450,50,25
speeder,7256,7385,30,20
destroyer,5010,2488,50,75
blaster,3641,3262,50,25
blaster,6276,1859,50,25
speeder,864,8863,30,20
boss,427,8048,100,75
destroyer,7142,6235,50,75
boss,6266,7844,100,75
blaster,1106,6317,50,25
blaster,5676,5323,50,25
boss,270,6265,100,75
speeder,166,2388,30,20
blaster,7041,3887,50,25
blaster,1679,6493,50,25
destroyer,3118,2150,50,75
blaster,4398,2909,50,25
blaster,6293,3900,50,25
blaster,7914,7120,50,25
destroyer,7688,2957,50,75
speeder,3317,337,30,20
speeder,3902,1404,30,20
blaster,5878,8762,50,25
blaster,2032,748,50,25
boss,1418,5982,100,75
blaster,3342,3193,50,25
blaster,3741,440,50,25
speeder,4813,9823,30,20
blaster,3787,7785,50,25
speeder,6146,4623,30,20
blaster,2777,1083,50,25
blaster,4879,489,50,25
destroyer,1216,5442,50,75
speeder,5184,4044,30,20
blaster,922,4467,50,25
boss,1983,2323,100,75
blaster,7938,5190,50,25
destroyer,3750,4507,50,75
blaster,1490,5744,50,25
blaster,2388,9100,50,25
destroyer,2038,6174,50,75
speeder,3375,9398,30,20
blaster,842,8723,50,25
blaster,2828,7812,50,25
speeder,6121,8371,30,20
speeder,6016,9686,30,20
blaster,5824,532,50,25
speeder,2908,7792,30,20
destroyer,5689,1938,50,75
blaster,5615,766,50,25
boss,712,1322,100,75
blaster,3890,2457,50,25
blaster,6183,4498,50,25
speeder,2542,9782,30,20
speeder,4722,7208,30,20
blaster,1258,2618,50,25
blaster,742,5568,50,25
destroyer,7330,8863,50,75
blaster,5808,9663,50,25
destroyer,1760,5707,50,75
boss,1182,7641,100,75
blaster,4543,3002,50,25
blaster,4802,5802,50,25
destroyer,3715,2386,50,75
speeder,1851,712,30,20
blaster,6543,434,50,25
speeder,5914,9182,30,20
speeder,1724,1353,30,20
boss,3350,4793,100,75
speeder,4697,3132,30,20
blaster,7737,5467,50,25
blaster,4941,1820,50,25
boss,4346,2377,100,75
speeder,5261,1257,30,20
speeder,1852,6387,30,20
blaster,4480,9442,50,25
blaster,6401,5179,50,25
boss,6953,7946,100,75
blaster,5029,5933,50,25
blaster,6724,8120,50,25
destroyer,1312,3391,50,75
boss,2315,2058,100,75
blaster,4522,4337,50,25
speeder,6684,1009,30,20
speeder,7932,7110,30,20
blaster,6092,5356,50,25
speeder,3908,3795,30,20
speeder,4149,9448,30,20
blaster,2126,6358,50,25
speeder,836,9591,30,20
blaster,4194,7263,50,25
speeder,5776,1935,30,20
destroyer,198,3516,50,75
boss,4266,5856,100,75
blaster,3131,6398,50,25
blaster,7905,1530,50,25
blaster,227,9147,50,25
destroyer,2179,1177,50,75
boss,4456,1068,100,75
destroyer,579,3200,50,75
blaster,7683,8746,50,25
destroyer,5019,8089,50,75
destroyer,4142,2088,50,75
blaster,255,2830,50,25
blaster,3866,7677,50,25
boss,7613,581,100,75
blaster,3355,424,50,25
boss,2694,6179,100,75
destroyer,6847,8681,50,75
speeder,6533,822,30,20
blaster,1564,3482,50,25
boss,3371,7245,100,75
speeder,6662,2499,30,20
blaster,7191,5068,50,25
blaster,1608,1356,50,25
speeder,737,8459,30,20
boss,773,4781,100,75
blaster,1687,7152,50,25
blaster,1054,7049,50,25
blaster,6519,2375,50,25
blaster,7036,891,50,25
speeder,2617,3959,30,20
speeder,6,4187,30,20
blaster,332,7284,50,25
blaster,4695,5857,50,25
blaster,3116,8763,50,25
blaster,4420,9398,50,25
speeder,5169,8502,30,20
speeder,715,9922,30,20
blaster,3815,6049,50,25
blaster,4378,487,50,25
boss,3008,6678,100,75
blaster,6054,8067,50,25
blaster,2517,2851,50,25
destroyer,5072,3730,50,75
blaster,545,8854,50,25
destroyer,1086,7663,50,75
blaster,6598,9279,50,25
speeder,3729,6838,30,20
blaster,6865,5688,50,25
destroyer,6104,6652,50,75
blaster,5066,4675,50,25
boss,2933,4282,100,75
blaster,2143,4104,50,25
blaster,7707,6583,50,25
blaster,4036,1449,50,25
speeder,4547,5581,30,20
blaster,1411,4725,50,25
boss,7162,2188,100,75
blaster,5330,350,50,25
blaster,3604,6242,50,25
speeder,3761,3680,30,20
blaster,3261,5692,50,25
blaster,4058,840,50,25
boss,90,4478,100,75
blaster,604,392,50,25
blaster,1578,9665,50,25
destroyer,5514,9740,50,75
boss,1322,7001,100,75
blaster,4208,1579,50,25
speeder,7696,4592,30,20
boss,3655,8455,100,75
destroyer,5817,7437,50,75
blaster,5992,4173,50,25
boss,2245,4720,100,75
blaster,587,7568,50,25
speeder,3112,7371,30,20
blaster,6145,4053,50,25
blaster,6847,3495,50,25
blaster,1708,2785,50,25
speeder,405,8000,30,20
blaster,6209,256,50,25
destroyer,764,4200,50,75
boss,3720,6471,100,75
speeder,1547,8598,30,20
boss,7886,7446,100,75
blaster,798,4313,50,25
blaster,71,2383,50,25
boss,4656,6666,100,75
speeder,2416,2289,30,20
speeder,1888,243,30,20
speeder,6321,4005,30,20
boss,4335,5044,100,75
destroyer,559,9768,50,75
blaster,5541,3522,50,25
destroyer,1236,4445,50,75
blaster,2913,5295,50,25
blaster,3170,8320,50,25
blaster,2955,6300,50,25
destroyer,5127,2716,50,75
speeder,5506,2883,30,20
blaster,2487,392,50,25
blaster,5837,6239,50,25
destroyer,639,781,50,75
boss,2433,1747,100,75
blaster,6871,8659,50,25
boss,3394,9194,100,75
boss,7507,7851,100,75
speeder,5858,4691,30,20
speeder,4644,1004,30,20
speeder,3607,3979,30,20
blaster,3601,4098,50,25
blaster,1318,7099,50,25
blaster,6572,4588,50,25
blaster,5928,3512,50,25
blaster,6109,1293,50,25
speeder,5055,7669,30,20
speeder,2413,1437,30,20
boss,4392,7218,100,75
blaster,2020,2578,50,25
blaster,3632,7354,50,25
blaster,767,8168,50,25
blaster,6676,734,50,25
blaster,3384,8550,50,25
speeder,1620,1587,30,20
blaster,4398,7237,50,25
destroyer,3681,6514,50,75
speeder,69,5145,30,20
speeder,7932,709,30,20
blaster,7536,5117,50,25
speeder,4048,9130,30,20
blaster,2356,601,50,25
blaster,7197,5360,50,25
blaster,3775,6600,50,25
destroyer,1133,3008,50,75
blaster,3143,2811,50,25
speeder,4283,8361,30,20
blaster,128,5116,50,25
blaster,5055,1944,50,25
speeder,449,169,30,20
boss,2581,3782,100,75
blaster,1482,2325,50,25
blaster,4499,4385,50,25
speeder,1260,5161,30,20
speeder,1352,2968,30,20
destroyer,7034,6124,50,75
blaster,1673,1598,50,25
blaster,7001,2290,50,25
boss,6485,2112,100,75
blaster,4823,1723,50,25
destroyer,7873,4506,50,75
blaster,7471,2518,50,25
blaster,477,4136,50,25
speeder,6044,3596,30,20
destroyer,7412,350,50,75
blaster,3537,8213,50,25
boss,6744,5007,100,75
destroyer,5784,2742,50,75
speeder,6799,5402,30,20
destroyer,2143,4075,50,75
blaster,2832,7483,50,25
blaster,6910,364,50,25
blaster,5669,5211,50,25
boss,5558,3480,100,75
blaster,370,9907,50,25
blaster,2378,6519,50,25
blaster,3056,7617,50,25
destroyer,508,9668,50,75
speeder,6111,2119,30,20
blaster,1272,1598,50,25
destroyer,4561,5893,50,75
blaster,3771,9328,50,25
blaster,2717,662,50,25
boss,1396,3310,100,75
speeder,7880,7366,30,20
blaster,6594,2376,50,25
destroyer,3873,4005,50,75
blaster,6419,1333,50,25
speeder,3382,5902,30,20
destroyer,4216,4119,50,75
blaster,4278,296,50,25
blaster,6457,8287,50,25
speeder,5030,973,30,20
boss,6802,4134,100,75
blaster,5762,5747,50,25
blaster,3234,3451,50,25
blaster,1341,6303,50,25
blaster,1993,8015,50,25
blaster,6184,7003,50,25
blaster,2121,6644,50,25
blaster,1049,7331,50,25
blaster,7805,3449,50,25
blaster,6430,6566,50,25
speeder,5747,2312,30,20
destroyer,197,9294,50,75
destroyer,3308,1060,50,75
blaster,130,9398,50,25
blaster,3280,9386,50,25
boss,7055,3003,100,75
blaster,5810,7315,50,25
blaster,137,3246,50,25
destroyer,5761,8892,50,75
destroyer,4907,93,50,75
blaster,7517,2961,50,25
blaster,3587,8478,50,25
speeder,7932,2034,30,20
blaster,6002,7755,50,25
blaster,5393,2301,50,25
blaster,328,3953,50,25
blaster,3708,3101,50,25
blaster,3954,1793,50,25
blaster,6867,7331,50,25
speeder,6037,9517,30,20
blaster,5529,7953,50,25
blaster,6232,1653,50,25
boss,801,4087,100,75
blaster,2765,3288,50,25
blaster,5344,6388,50,25
speeder,5009,6967,30,20
blaster,454,1912,50,25
destroyer,3148,4377,50,75
boss,3251,9410,100,75
boss,6135,3828,100,75
speeder,3953,8612,30,20
blaster,999,7955,50,25
blaster,1217,4951,50,25
blaster,4419,5235,50,25
destroyer,14,5375,50,75
boss,4915,9039,100,75
speeder,5230,3610,30,20
blaster,5946,7486,50,25
speeder,4757,4597,30,20
blaster,7005,5994,50,25
speeder,2648,8244,30,20
speeder,6400,8535,30,20
speeder,5132,2193,30,20
blaster,6266,29,50,25
blaster,6504,2651,50,25
boss,1100,9817,100,75
blaster,4773,2028,50,25
blaster,1112,7938,50,25
speeder,4672,4802,30,20
blaster,825,8822,50,25
speeder,5592,3958,30,20
blaster,1706,807,50,25
blaster,2883,9421,50,25
destroyer,6278,8297,50,75
speeder,550,249,30,20
boss,458,3053,100,75
boss,5046,5487,100,75
blaster,4620,6102,50,25
blaster,6972,9949,50,25
destroyer,4471,1619,50,75
blaster,5310,5120,50,25
destroyer,3689,2030,50,75
speeder,1134,6489,30,20
blaster,4735,4160,50,75
speeder,4408,4160,30,20
destroyer,4080,4120,50,75
